cam0:
  T_cam_imu:
  - [0.9992258154443172, -0.018669449946693034, -0.03462977603634748, -0.07496964474401126]
  - [0.03459804371671685, -0.002020109617264121, 0.9993992668238809, 0.012722826984820391]
  - [-0.01872819053234489, -0.9998236698517506, -0.001372619234175032, -0.06096744635919555]
  - [0.0, 0.0, 0.0, 1.0]
  cam_overlaps: []
  camera_model: pinhole
  distortion_coeffs: [-0.0742277215145996, 0.07717129927545377, 0.0004196934949995159, 0.0010184746453992624]
  distortion_model: radtan
  intrinsics: [874.1267840073965, 873.9483946670699, 667.2641908325472, 513.0882392385041]
  resolution: [1280, 960]
  rostopic: /image
  timeshift_cam_imu: -0.019332382595081077
